# Sample camera poses for SfmSandbox Milestone 10
# Format: eye_x eye_y eye_z target_x target_y target_z r g b
# Colours may be normalized floats or 0-255 byte values.

4.20,1.80,0.00,0.00,1.00,0.00,255,170,70
2.97,2.15,2.97,0.00,1.00,0.00,255,190,80
0.00,1.80,4.20,0.00,1.00,0.00,255,210,95
-2.97,1.45,2.97,0.00,1.00,0.00,240,170,160
-4.20,1.80,0.00,0.00,1.00,0.00,210,140,230
-2.97,2.15,-2.97,0.00,1.00,0.00,170,160,255
0.00,1.80,-4.20,0.00,1.00,0.00,130,200,255
2.97,1.45,-2.97,0.00,1.00,0.00,140,255,210
